5084
9119
6348
1265
3090
2730
384
8168
3743
5371
5926
2391
6841
9039
9914
7855
3919
2621
4469
6419
261
1426
3645
4612
2688
4445
6570
3756
5208
8489
1802
2723
1328
7937
3104
7010
3842
5615
1484
783
9140
5957
1352
3434
2889
9601
365
379
4288
832
4067
2574
232
2113
4135
3420
4053
3374
5704
8171
1235
4391
8040
1090
1123
6351
4916
6046
19
8583
8290
3448
449
6264
4799
3557
7653
9283
55
4140
7736
3327
6358
3563
9331
4324
1953
4097
789
2770
464
9612
8759
5639
1526
7380
7267
7665
4215
8594
8756
5527
5399
2006
1744
9390
9278
8045
2337
6211
3213
21
4541
5169
6203
8952
9255
2178
4057
3393
3363
5720
5350
5822
5267
1075
6513
2000
3459
4834
5234
7731
2239
7026
2835
4184
4213
135
1801
1524
3541
3537
4436
2840
9718
97
9676
3384
692
5108
1842
1737
5980
3280
4605
2812
8672
5393
4896
747
5468
5163
5451
3350
9945
4859
5140
7707
3948
3965
3174
5464
2631
4451
9160
5461
5174
7650
5056
8090
6824
6112
7129
28
9764
8323
3475
6946
9846
7378
6975
82
8054
7961
7905
995
1101
6568
4697
9653
348
3113
4868
2926
753
397
9891
2027
1931
6401
1560
4986
7591
5490
8096
762
5435
8926
3852
2383
4573
8955
9220
767
8201
1486
1611
4993
6059
8263
3620
1428
5746
7248
5414
8542
7330
5483
9109
2732
3929
1785
7114
2442
3377
3219
5093
765
1847
8122
7572
5253
3109
401
7396
243
8175
7092
2629
8558
8449
4037
769
2488
1292
6261
5946
6238
6252
3908
3590
9068
5597
4229
1268
8838
7025
5711
1523
9610
2305
380
9842
4628
6800
5627
9835
5672
4308
40
3700
9398
2464
6999
5325
821
860
9505
8979
1687
5823
9704
1500
2160
8797
630
4740
4772
9819
6274
1007
7148
4564
5532
7165
6837
3501
9865
3336
4019
8398
5358
4571
6582
922
506
2788
2587
1085
3425
5290
8774
599
5770
7873
5002
2289
6770
2315
443
7140
5961
1103
4309
7535
9121
5127
2554
3449
1828
8802
9120
1599
7513
5375
2830
778
4987
7206
1773
2505
8164
7787
7120
9880
7756
2960
1607
3250
760
4589
5176
3253
5258
8476
9265
7606
9889
2557
7029
6438
4611
6497
6904
3684
974
4848
212
6817
9978
6139
786
8730
5739
4459
7991
3803
1575
7036
3570
592
1873
6404
533
9850
7492
3361
6138
2364
8850
2008
7453
3979
3371
950
4011
4025
4956
4906
5245
2334
1750
9518
9049
6487
2432
1460
8133
3606
1620
3819
199
7649
7839
6177
375
4147
3665
8682
648
2422
1786
2425
2387
4838
1674
4913
8701
6591
7324
5580
843
281
1373
6997
9107
6575
8380
1298
4598
8823
8236
2325
7498
4233
607
3044
9142
6063
5077
1362
8888
6587
245
5237
3397
159
9221
5441
3031
8198
9717
1905
4275
5795
5538
4588
4585
6866
5013
2962
2692
8814
9625
1263
7271
5487
1839
186
7485
